time	V(N001,N002)	V(n004)
0.000000000000000e+000	-9.999847e-002	4.044555e+000
1.785714306582317e-009	-1.000007e-001	4.044554e+000
3.571428613164635e-009	-1.000030e-001	4.044553e+000
5.357142919746952e-009	-1.000052e-001	4.044551e+000
7.142857226329270e-009	-1.000075e-001	4.044550e+000
8.928571532911587e-009	-1.000097e-001	4.044549e+000
1.071428583949391e-008	-1.000120e-001	4.044548e+000
1.250000014607622e-008	-1.000142e-001	4.044547e+000
2.500000029215244e-008	-1.000299e-001	4.044539e+000
5.000000058430487e-008	-1.000614e-001	4.044525e+000
1.000000011686097e-007	-1.001242e-001	4.044497e+000
2.000000023372195e-007	-1.002499e-001	4.044446e+000
4.000000046744390e-007	-1.005012e-001	4.044358e+000
8.000000093488779e-007	-1.010038e-001	4.044224e+000
1.600000018697756e-006	-1.020087e-001	4.044053e+000
3.200000037395512e-006	-1.040175e-001	4.043864e+000
6.400000074791024e-006	-1.080271e-001	4.043640e+000
1.093567491430407e-005	-1.136718e-001	4.043380e+000
2.000702459333016e-005	-1.247877e-001	4.042875e+000
2.977264959333017e-005	-1.364071e-001	4.042344e+000
3.953827459333016e-005	-1.474845e-001	4.041839e+000
4.930389959333017e-005	-1.578479e-001	4.041371e+000
5.906952459333017e-005	-1.673410e-001	4.040950e+000
6.883514959333017e-005	-1.758213e-001	4.040583e+000
7.860077459333016e-005	-1.831610e-001	4.040276e+000
8.836639959333016e-005	-1.892498e-001	4.040035e+000
9.813202459333017e-005	-1.939964e-001	4.039864e+000
1.078976495933302e-004	-1.973293e-001	4.039764e+000
1.176632745933302e-004	-1.991980e-001	4.039739e+000
1.274288995933302e-004	-1.996031e-001	4.039786e+000
1.364547852670240e-004	-1.986191e-001	4.039896e+000
1.462204102670239e-004	-1.961002e-001	4.040086e+000
1.559860352670239e-004	-1.921637e-001	4.040344e+000
1.657516602670240e-004	-1.868412e-001	4.040666e+000
1.755172852670239e-004	-1.802127e-001	4.041048e+000
1.852829102670239e-004	-1.723773e-001	4.041485e+000
1.950485352670240e-004	-1.634536e-001	4.041968e+000
2.048141602670239e-004	-1.535752e-001	4.042491e+000
2.145797852670239e-004	-1.428912e-001	4.043044e+000
2.243454102670240e-004	-1.315620e-001	4.043616e+000
2.341110352670239e-004	-1.197581e-001	4.044195e+000
2.438766602670239e-004	-1.076570e-001	4.044767e+000
2.536422852670239e-004	-9.544051e-002	4.045309e+000
2.634079102670239e-004	-8.329272e-002	4.045791e+000
2.731735352670239e-004	-7.139623e-002	4.046150e+000
2.829391602670240e-004	-5.992985e-002	4.046134e+000
2.927047852670240e-004	-4.906625e-002	4.044895e+000
3.024704102670240e-004	-3.896862e-002	4.040605e+000
3.122360352670239e-004	-2.978897e-002	4.029877e+000
3.220016602670239e-004	-2.166533e-002	4.005398e+000
3.317672852670239e-004	-1.471990e-002	3.949673e+000
3.415329102670239e-004	-9.057149e-003	3.824606e+000
3.512985352670240e-004	-4.762232e-003	3.593494e+000
3.610641602670240e-004	-1.899762e-003	3.283136e+000
3.708297852670239e-004	-5.127904e-004	2.966957e+000
3.805954102670239e-004	-6.166697e-004	2.686624e+000
3.902170678709142e-004	-2.186384e-003	2.454885e+000
3.999826928709142e-004	-5.245149e-003	2.267948e+000
4.097483178709143e-004	-9.723604e-003	2.127880e+000
4.195139428709142e-004	-1.555990e-002	2.030620e+000
4.292795678709142e-004	-2.266622e-002	1.970275e+000
4.390451928709142e-004	-3.093570e-002	1.940391e+000
4.488108178709142e-004	-4.024392e-002	1.934521e+000
4.585764428709142e-004	-5.045092e-002	1.946779e+000
4.683420678709143e-004	-6.140316e-002	1.972106e+000
4.781076928709142e-004	-7.293594e-002	2.006449e+000
4.878733178709142e-004	-8.487570e-002	2.046756e+000
4.976389428709143e-004	-9.704304e-002	2.090858e+000
5.074045678709143e-004	-1.092547e-001	2.137296e+000
5.171701928709142e-004	-1.213273e-001	2.185131e+000
5.269358178709142e-004	-1.330789e-001	2.233791e+000
5.367014428709142e-004	-1.443329e-001	2.282948e+000
5.464670678709142e-004	-1.549203e-001	2.332387e+000
5.562326928709142e-004	-1.646817e-001	2.381964e+000
5.659983178709142e-004	-1.734700e-001	2.431610e+000
5.757639428709142e-004	-1.811533e-001	2.481299e+000
5.855295678709142e-004	-1.876159e-001	2.531023e+000
5.952951928709143e-004	-1.927607e-001	2.580775e+000
6.050608178709143e-004	-1.965101e-001	2.630559e+000
6.148264428709143e-004	-1.988850e-001	2.680374e+000
6.225827530643290e-004	-1.996751e-001	2.719966e+000
6.316013205511516e-004	-1.993072e-001	2.766034e+000
6.413669455511516e-004	-1.975214e-001	2.815956e+000
6.511325705511516e-004	-1.942973e-001	2.865918e+000
6.608981955511516e-004	-1.896553e-001	2.915918e+000
6.706638205511516e-004	-1.836646e-001	2.965948e+000
6.804294455511515e-004	-1.764152e-001	3.015996e+000
6.901950705511515e-004	-1.680167e-001	3.066034e+000
6.999606955511515e-004	-1.585951e-001	3.116018e+000
7.097263205511515e-004	-1.482921e-001	3.165868e+000
7.194919455511515e-004	-1.372628e-001	3.215420e+000
7.292575705511516e-004	-1.256731e-001	3.264359e+000
7.390231955511516e-004	-1.136971e-001	3.312169e+000
7.487888205511516e-004	-1.015149e-001	3.357988e+000
7.585544455511516e-004	-8.931017e-002	3.400323e+000
7.683200705511516e-004	-7.726598e-002	3.436682e+000
7.780856955511516e-004	-6.556386e-002	3.463152e+000
7.878513205511516e-004	-5.437958e-002	3.474037e+000
7.976169455511515e-004	-4.388154e-002	3.461862e+000
8.073825705511515e-004	-3.422749e-002	3.418199e+000
8.171481955511515e-004	-2.556270e-002	3.335585e+000
8.269138205511515e-004	-1.801750e-002	3.210241e+000
8.366794455511515e-004	-1.170537e-002	3.044455e+000
8.464450705511515e-004	-6.721266e-003	2.847286e+000
8.562106955511516e-004	-3.140137e-003	2.632952e+000
8.659763205511516e-004	-9.468002e-004	2.416693e+000
8.739424919357004e-004	-2.653552e-004	2.249381e+000
8.821069242921835e-004	-7.114923e-004	2.095677e+000
8.918725492921835e-004	-2.606891e-003	1.939466e+000
9.016381742921835e-004	-5.905606e-003	1.814996e+000
9.114037992921835e-004	-1.061957e-002	1.723545e+000
9.211694242921835e-004	-1.667789e-002	1.662871e+000
9.309350492921834e-004	-2.398941e-002	1.629293e+000
9.407006742921834e-004	-3.244418e-002	1.618412e+000
9.504662992921835e-004	-4.191500e-002	1.625658e+000
9.602319242921835e-004	-5.225950e-002	1.646705e+000
9.699975492921835e-004	-6.332201e-002	1.677771e+000
9.797631742921836e-004	-7.493615e-002	1.715778e+000
9.895287992921834e-004	-8.692741e-002	1.758391e+000
9.992944242921834e-004	-9.911501e-002	1.803941e+000
1.009060049292183e-003	-1.113161e-001	1.851298e+000
1.018825674292183e-003	-1.233469e-001	1.899736e+000
1.028591299292183e-003	-1.350267e-001	1.948813e+000
1.038356924292183e-003	-1.461792e-001	1.998273e+000
1.048122549292183e-003	-1.566377e-001	2.047949e+000
1.057888174292183e-003	-1.662436e-001	2.097731e+000
1.067653799292183e-003	-1.748538e-001	2.147566e+000
1.077419424292184e-003	-1.823375e-001	2.197436e+000
1.087185049292184e-003	-1.885831e-001	2.247335e+000
1.096950674292184e-003	-1.934962e-001	2.297261e+000
1.106716299292184e-003	-1.970031e-001	2.347216e+000
1.116481924292184e-003	-1.991076e-001	2.397203e+000
1.124765750522232e-003	-1.997468e-001	2.439633e+000
1.132412933597364e-003	-1.992705e-001	2.478829e+000
1.142178558597363e-003	-1.973088e-001	2.528921e+000
1.151944183597364e-003	-1.939650e-001	2.579053e+000
1.161709808597364e-003	-1.892076e-001	2.629223e+000
1.171475433597364e-003	-1.831086e-001	2.679426e+000
1.181241058597364e-003	-1.757593e-001	2.729649e+000
1.191006683597364e-003	-1.672709e-001	2.779867e+000
1.200772308597364e-003	-1.577706e-001	2.830039e+000
1.210537933597364e-003	-1.474011e-001	2.880088e+000
1.220303558597364e-003	-1.363187e-001	2.929864e+000
1.230069183597364e-003	-1.246899e-001	2.979072e+000
1.239834808597364e-003	-1.126897e-001	3.027231e+000
1.249600433597364e-003	-1.004989e-001	3.073543e+000
1.259366058597364e-003	-8.830035e-002	3.116624e+000
1.269131683597364e-003	-7.627797e-002	3.154175e+000
1.278897308597364e-003	-6.461221e-002	3.182599e+000
1.288662933597364e-003	-5.347866e-002	3.196671e+000
1.298428558597364e-003	-4.304487e-002	3.189554e+000
1.308194183597364e-003	-3.346771e-002	3.153551e+000
1.317959808597364e-003	-2.489126e-002	3.081838e+000
1.327725433597364e-003	-1.744449e-002	2.970928e+000
1.337491058597364e-003	-1.123939e-002	2.822855e+000
1.347256683597364e-003	-6.369308e-003	2.645840e+000
1.357022308597364e-003	-2.907496e-003	2.452856e+000
1.366787933597364e-003	-8.565020e-004	2.258096e+000
1.375264001248175e-003	-2.568446e-004	2.097771e+000
1.382929877820261e-003	-7.895790e-004	1.968057e+000
1.392695502820261e-003	-2.828900e-003	1.828097e+000
1.402461127820261e-003	-6.249093e-003	1.716930e+000
1.412226752820261e-003	-1.107939e-002	1.636140e+000
1.421992377820261e-003	-1.724708e-002	1.583739e+000
1.431758002820261e-003	-2.465945e-002	1.556387e+000
1.441523627820261e-003	-3.320497e-002	1.550051e+000
1.451289252820261e-003	-4.275519e-002	1.560514e+000
1.461054877820261e-003	-5.316633e-002	1.583768e+000
1.470820502820261e-003	-6.428188e-002	1.616302e+000
1.480586127820261e-003	-7.593465e-002	1.655263e+000
1.490351752820261e-003	-8.794940e-002	1.698481e+000
1.500117377820261e-003	-1.001453e-001	1.744411e+000
1.509883002820261e-003	-1.123390e-001	1.792009e+000
1.519648627820262e-003	-1.243472e-001	1.840602e+000
1.529414252820262e-003	-1.359892e-001	1.889782e+000
1.539179877820261e-003	-1.470897e-001	1.939315e+000
1.548945502820261e-003	-1.574821e-001	1.989046e+000
1.558711127820261e-003	-1.670098e-001	2.038874e+000
1.568476752820261e-003	-1.755295e-001	2.088751e+000
1.578242377820261e-003	-1.829131e-001	2.138661e+000
1.588008002820261e-003	-1.890497e-001	2.188599e+000
1.597773627820261e-003	-1.938467e-001	2.238563e+000
1.607539252820261e-003	-1.972322e-001	2.288557e+000
1.617304877820261e-003	-1.991556e-001	2.338583e+000
1.627070502820261e-003	-1.996245e-001	2.388646e+000
1.635871291332082e-003	-1.987298e-001	2.433797e+000
1.645636916332082e-003	-1.962900e-001	2.483938e+000
1.655402541332082e-003	-1.924386e-001	2.534120e+000
1.665168166332082e-003	-1.871967e-001	2.584339e+000
1.674933791332082e-003	-1.806436e-001	2.634588e+000
1.684699416332082e-003	-1.728773e-001	2.684850e+000
1.694465041332082e-003	-1.640151e-001	2.735098e+000
1.704230666332082e-003	-1.541898e-001	2.785280e+000
1.713996291332082e-003	-1.435494e-001	2.835294e+000
1.723761916332082e-003	-1.322541e-001	2.884943e+000
1.733527541332082e-003	-1.204735e-001	2.933902e+000
1.743293166332082e-003	-1.083850e-001	2.981630e+000
1.753058791332082e-003	-9.617031e-002	3.027168e+000
1.762824416332082e-003	-8.401322e-002	3.068889e+000
1.772590041332082e-003	-7.209671e-002	3.104149e+000
1.782355666332082e-003	-6.059974e-002	3.128909e+000
1.792121291332082e-003	-4.969537e-002	3.137486e+000
1.801886916332082e-003	-3.954756e-002	3.122768e+000
1.811652541332082e-003	-3.030908e-002	3.077262e+000
1.821418166332082e-003	-2.211875e-002	2.995099e+000
1.831183791332082e-003	-1.509982e-002	2.874485e+000
1.840949416332082e-003	-9.357825e-003	2.719442e+000
1.850715041332082e-003	-4.979149e-003	2.539809e+000
1.860480666332082e-003	-2.029670e-003	2.349312e+000
1.870246291332082e-003	-5.537271e-004	2.162384e+000
1.880011916332082e-003	-5.735299e-004	1.991275e+000
1.889777541332082e-003	-2.088778e-003	1.844516e+000
1.899543166332082e-003	-5.076677e-003	1.726646e+000
1.909308791332082e-003	-9.492293e-003	1.638793e+000
1.919074416332082e-003	-1.526922e-002	1.579613e+000
1.928840041332082e-003	-2.232051e-002	1.546184e+000
1.938605666332082e-003	-3.054020e-002	1.534708e+000
1.948371291332082e-003	-3.980458e-002	1.541056e+000
1.958136916332082e-003	-4.997432e-002	1.561189e+000
1.967902541332082e-003	-6.089652e-002	1.591476e+000
1.977668166332082e-003	-7.240689e-002	1.628896e+000
1.987433791332082e-003	-8.433211e-002	1.671107e+000
1.997199416332082e-003	-9.649301e-002	1.716404e+000
2.006965041332082e-003	-1.087067e-001	1.763619e+000
2.016730666332082e-003	-1.207894e-001	1.811989e+000
2.026496291332082e-003	-1.325595e-001	1.861046e+000
2.036261916332082e-003	-1.438398e-001	1.910516e+000
2.046027541332082e-003	-1.544604e-001	1.960220e+000
2.055793166332082e-003	-1.642623e-001	2.010037e+000
2.065558791332082e-003	-1.730971e-001	2.059911e+000
2.075324416332082e-003	-1.808326e-001	2.109820e+000
2.085090041332081e-003	-1.873524e-001	2.159757e+000
2.094855666332082e-003	-1.925585e-001	2.209722e+000
2.104621291332081e-003	-1.963723e-001	2.259714e+000
2.114386916332082e-003	-1.988027e-001	2.309737e+000
2.122419380252438e-003	-1.996555e-001	2.350909e+000
2.131540547277919e-003	-1.993098e-001	2.397695e+000
2.141306172277918e-003	-1.975369e-001	2.447825e+000
2.151071797277919e-003	-1.943221e-001	2.497997e+000
2.160837422277918e-003	-1.896882e-001	2.548208e+000
2.170603047277919e-003	-1.837056e-001	2.598453e+000
2.180368672277919e-003	-1.764643e-001	2.648721e+000
2.190134297277919e-003	-1.680722e-001	2.698988e+000
2.199899922277919e-003	-1.586566e-001	2.749216e+000
2.209665547277919e-003	-1.483588e-001	2.799337e+000
2.219431172277919e-003	-1.373334e-001	2.849209e+000
2.229196797277919e-003	-1.257465e-001	2.898563e+000
2.238962422277919e-003	-1.137723e-001	2.946955e+000
2.248728047277919e-003	-1.015910e-001	2.993649e+000
2.258493672277919e-003	-8.938575e-002	3.037369e+000
2.268259297277919e-003	-7.734001e-002	3.075981e+000
2.278024922277919e-003	-6.563520e-002	3.106128e+000
2.287790547277919e-003	-5.444723e-002	3.122894e+000
2.297556172277919e-003	-4.394442e-002	3.119763e+000
2.307321797277919e-003	-3.428459e-002	3.089254e+000
2.317087422277919e-003	-2.561325e-002	3.024504e+000
2.326853047277919e-003	-1.806074e-002	2.921623e+000
2.336618672277919e-003	-1.174064e-002	2.781915e+000
2.346384297277919e-003	-6.748013e-003	2.612744e+000
2.356149922277919e-003	-3.157962e-003	2.426367e+000
2.365915547277919e-003	-9.539770e-004	2.236419e+000
2.373843535216166e-003	-2.677967e-004	2.089103e+000
2.382070137893478e-003	-7.097833e-004	1.951373e+000
2.391835762893479e-003	-2.597205e-003	1.812064e+000
2.401601387893478e-003	-5.890489e-003	1.701061e+000
2.411367012893479e-003	-1.059926e-002	1.619838e+000
2.421132637893478e-003	-1.665266e-002	1.566670e+000
2.430898262893479e-003	-2.395964e-002	1.538417e+000
2.440663887893478e-003	-3.241032e-002	1.531192e+000
2.450429512893479e-003	-4.187763e-002	1.540871e+000
2.460195137893478e-003	-5.221915e-002	1.563492e+000
2.469960762893479e-003	-6.327921e-002	1.595552e+000
2.479726387893478e-003	-7.489169e-002	1.634180e+000
2.489492012893479e-003	-8.688176e-002	1.677178e+000
2.499257637893478e-003	-9.906900e-002	1.722971e+000
2.509023262893479e-003	-1.112703e-001	1.770489e+000
2.518788887893479e-003	-1.233020e-001	1.819039e+000
2.528554512893478e-003	-1.349835e-001	1.868199e+000
2.538320137893479e-003	-1.461384e-001	1.917725e+000
2.548085762893478e-003	-1.565998e-001	1.967458e+000
2.557851387893479e-003	-1.662092e-001	2.017292e+000
2.567617012893478e-003	-1.748230e-001	2.067176e+000
2.577382637893479e-003	-1.823115e-001	2.117093e+000
2.587148262893478e-003	-1.885619e-001	2.167038e+000
2.596913887893479e-003	-1.934803e-001	2.217010e+000
2.606679512893478e-003	-1.969926e-001	2.267011e+000
2.616445137893479e-003	-1.991036e-001	2.317043e+000
2.624705853304910e-003	-1.997459e-001	2.359392e+000
2.632390670703323e-003	-1.992717e-001	2.398817e+000
2.642156295703323e-003	-1.973147e-001	2.448954e+000
2.651921920703323e-003	-1.939743e-001	2.499131e+000
2.661687545703323e-003	-1.892202e-001	2.549347e+000
2.671453170703323e-003	-1.831241e-001	2.599597e+000
2.681218795703323e-003	-1.757777e-001	2.649867e+000
2.690984420703322e-003	-1.672914e-001	2.700135e+000
2.700750045703323e-003	-1.577930e-001	2.750360e+000
2.710515670703323e-003	-1.474257e-001	2.800468e+000
2.720281295703323e-003	-1.363447e-001	2.850314e+000
2.730046920703323e-003	-1.247170e-001	2.899613e+000
2.739812545703323e-003	-1.127175e-001	2.947900e+000
2.749578170703323e-003	-1.005268e-001	2.994404e+000
2.759343795703323e-003	-8.832812e-002	3.037790e+000
2.769109420703323e-003	-7.630503e-002	3.075838e+000
2.778875045703323e-003	-6.463832e-002	3.105071e+000
2.788640670703323e-003	-5.350339e-002	3.120435e+000
2.798406295703323e-003	-4.306775e-002	3.115300e+000
2.808171920703323e-003	-3.348851e-002	3.082170e+000
2.817937545703323e-003	-2.490959e-002	3.014346e+000
2.827703170703323e-003	-1.746011e-002	2.908313e+000
2.837468795703323e-003	-1.125205e-002	2.765887e+000
2.847234420703323e-003	-6.378829e-003	2.594919e+000
2.857000045703323e-003	-2.913743e-003	2.407961e+000
2.866765670703323e-003	-8.588405e-004	2.218848e+000
2.875227752792832e-003	-2.555219e-004	2.063150e+000
2.882870853897629e-003	-7.813768e-004	1.937176e+000
2.892636478897630e-003	-2.812628e-003	1.800715e+000
2.902402103897629e-003	-6.224118e-003	1.692287e+000
2.912167728897630e-003	-1.104607e-002	1.613542e+000
2.921933353897629e-003	-1.720595e-002	1.562614e+000
2.931698978897630e-003	-2.461112e-002	1.536283e+000
2.941464603897629e-003	-3.315017e-002	1.530632e+000
2.951230228897630e-003	-4.269469e-002	1.541537e+000
2.960995853897629e-003	-5.310112e-002	1.565070e+000
2.970761478897630e-003	-6.421298e-002	1.597776e+000
2.980527103897629e-003	-7.586300e-002	1.636841e+000
2.990292728897630e-003	-8.787596e-002	1.680124e+000
3.000058353897629e-003	-1.000714e-001	1.726095e+000
3.009823978897630e-003	-1.122658e-001	1.773721e+000
3.019589603897629e-003	-1.242756e-001	1.822334e+000
3.029355228897630e-003	-1.359200e-001	1.871531e+000
3.039120853897629e-003	-1.470246e-001	1.921076e+000
3.048886478897630e-003	-1.574216e-001	1.970820e+000
3.058652103897630e-003	-1.669550e-001	2.020659e+000
3.068417728897630e-003	-1.754813e-001	2.070546e+000
3.078183353897630e-003	-1.828723e-001	2.120467e+000
3.087948978897629e-003	-1.890163e-001	2.170414e+000
3.097714603897630e-003	-1.938221e-001	2.220389e+000
3.107480228897629e-003	-1.972163e-001	2.270393e+000
3.117245853897630e-003	-1.991870e-001	2.320428e+000
3.126009568783038e-003	-1.997080e-001	2.365361e+000
3.134143882541646e-003	-1.990268e-001	2.407097e+000
3.143909507541646e-003	-1.968217e-001	2.457242e+000
3.153675132541646e-003	-1.932230e-001	2.507426e+000
3.163440757541646e-003	-1.882219e-001	2.557650e+000
3.173206382541646e-003	-1.818941e-001	2.607904e+000
3.182972007541646e-003	-1.743343e-001	2.658177e+000
3.192737632541646e-003	-1.656566e-001	2.708441e+000
3.202503257541646e-003	-1.559913e-001	2.758651e+000
3.212268882541646e-003	-1.454840e-001	2.808729e+000
3.222034507541646e-003	-1.342924e-001	2.858509e+000
3.231800132541646e-003	-1.225849e-001	2.907678e+000
3.241565757541645e-003	-1.105376e-001	2.955720e+000
3.251331382541646e-003	-9.833193e-002	3.001786e+000
3.261097007541645e-003	-8.615148e-002	3.044412e+000
3.270862632541646e-003	-7.417905e-002	3.081180e+000
3.280628257541645e-003	-6.259501e-002	3.108351e+000
3.290393882541646e-003	-5.157363e-002	3.120574e+000
3.300159507541645e-003	-4.128063e-002	3.110988e+000
3.309925132541646e-003	-3.187072e-002	3.072089e+000
3.319690757541645e-003	-2.348554e-002	2.997568e+000
3.329456382541646e-003	-1.625118e-002	2.884733e+000
3.339222007541646e-003	-1.027645e-002	2.736494e+000
3.348987632541646e-003	-5.651243e-003	2.561703e+000
3.358753257541646e-003	-2.445102e-003	2.373462e+000
3.368518882541646e-003	-7.062554e-004	2.186186e+000
3.378284507541646e-003	-4.530898e-004	2.012516e+000
3.387847638596171e-003	-1.663797e-003	1.864775e+000
3.397613263596172e-003	-4.371278e-003	1.741875e+000
3.407378888596171e-003	-8.509338e-003	1.648677e+000
3.417144513596172e-003	-1.402348e-002	1.584432e+000
3.426910138596172e-003	-2.083078e-002	1.546490e+000
3.436675763596172e-003	-2.882883e-002	1.531204e+000
3.446441388596172e-003	-3.789735e-002	1.534497e+000
3.456207013596172e-003	-4.789990e-002	1.552302e+000
3.465972638596172e-003	-5.868608e-002	1.580901e+000
3.475738263596172e-003	-7.009363e-002	1.617156e+000
3.485503888596172e-003	-8.195102e-002	1.658597e+000
3.495269513596172e-003	-9.407973e-002	1.703406e+000
3.505035138596172e-003	-1.062976e-001	1.750323e+000
3.514800763596171e-003	-1.184206e-001	1.798517e+000
3.524566388596172e-003	-1.302667e-001	1.847473e+000
3.534332013596171e-003	-1.416574e-001	1.896890e+000
3.544097638596172e-003	-1.524217e-001	1.946568e+000
3.553863263596171e-003	-1.623971e-001	1.996373e+000
3.563628888596172e-003	-1.714344e-001	2.046240e+000
3.573394513596171e-003	-1.793971e-001	2.096145e+000
3.583160138596172e-003	-1.861653e-001	2.146080e+000
3.592925763596171e-003	-1.916378e-001	2.196041e+000
3.602691388596172e-003	-1.957319e-001	2.246030e+000
3.612457013596171e-003	-1.983862e-001	2.296049e+000
3.622222638596172e-003	-1.995804e-001	2.346104e+000
3.631467351975174e-003	-1.993122e-001	2.393524e+000
3.641232976975174e-003	-1.975553e-001	2.443656e+000
3.650998601975174e-003	-1.943514e-001	2.493829e+000
3.660764226975174e-003	-1.897283e-001	2.544042e+000
3.670529851975174e-003	-1.837554e-001	2.594289e+000
3.680295476975174e-003	-1.765227e-001	2.644559e+000
3.690061101975174e-003	-1.681390e-001	2.694829e+000
3.699826726975174e-003	-1.587307e-001	2.745060e+000
3.709592351975174e-003	-1.484389e-001	2.795184e+000
3.719357976975174e-003	-1.374183e-001	2.845062e+000
3.729123601975174e-003	-1.258349e-001	2.894425e+000
3.738889226975174e-003	-1.138631e-001	2.942832e+000
3.748654851975174e-003	-1.016827e-001	2.989552e+000
3.758420476975174e-003	-8.947682e-002	3.033314e+000
3.768186101975174e-003	-7.742941e-002	3.071996e+000
3.777951726975174e-003	-6.572133e-002	3.102258e+000
3.787717351975174e-003	-5.452877e-002	3.119203e+000
3.797482976975174e-003	-4.402018e-002	3.116336e+000
3.807248601975174e-003	-3.435349e-002	3.086187e+000
3.817014226975174e-003	-2.567425e-002	3.021888e+000
3.826779851975174e-003	-1.811290e-002	2.919518e+000
3.836545476975174e-003	-1.178318e-002	2.780326e+000
3.846311101975174e-003	-6.780297e-003	2.611618e+000
3.856076726975174e-003	-3.179505e-003	2.425602e+000
3.865842351975174e-003	-9.626998e-004	2.235880e+000
3.873724351458645e-003	-2.709161e-004	2.089525e+000
3.882025830748860e-003	-7.077521e-004	1.950583e+000
3.891791455748860e-003	-2.585575e-003	1.811277e+000
3.901557080748860e-003	-5.872309e-003	1.700280e+000
3.911322705748860e-003	-1.057477e-002	1.619034e+000
3.921088330748859e-003	-1.662225e-002	1.565825e+000
3.930853955748860e-003	-2.392381e-002	1.537524e+000
3.940619580748860e-003	-3.236961e-002	1.530252e+000
3.950385205748860e-003	-4.183257e-002	1.539890e+000
3.960150830748859e-003	-5.217040e-002	1.562478e+000
3.969916455748859e-003	-6.322765e-002	1.594513e+000
3.979682080748860e-003	-7.483792e-002	1.633123e+000
3.989447705748860e-003	-8.682680e-002	1.676110e+000
3.999213330748860e-003	-9.901357e-002	1.721896e+000
4.008978955748859e-003	-1.112152e-001	1.769409e+000
4.018744580748860e-003	-1.232482e-001	1.817957e+000
4.028510205748860e-003	-1.349316e-001	1.867116e+000
4.038275830748860e-003	-1.460896e-001	1.916641e+000
4.048041455748859e-003	-1.565540e-001	1.966375e+000
4.057807080748860e-003	-1.661680e-001	2.016209e+000
4.067572705748860e-003	-1.747866e-001	2.066093e+000
4.077338330748860e-003	-1.822803e-001	2.116011e+000
4.087103955748859e-003	-1.885366e-001	2.165956e+000
4.096869580748860e-003	-1.934612e-001	2.215929e+000
4.106635205748860e-003	-1.969798e-001	2.265930e+000
4.116400830748860e-003	-1.990988e-001	2.315962e+000
4.124633710266015e-003	-1.997449e-001	2.358169e+000
4.132363856080805e-003	-1.992731e-001	2.397826e+000
4.142129481080805e-003	-1.973221e-001	2.447964e+000
4.151895106080805e-003	-1.939855e-001	2.498141e+000
4.161660731080805e-003	-1.892350e-001	2.548358e+000
4.171426356080805e-003	-1.831424e-001	2.598608e+000
4.181191981080805e-003	-1.757994e-001	2.648879e+000
4.190957606080805e-003	-1.673162e-001	2.699147e+000
4.200723231080805e-003	-1.578205e-001	2.749372e+000
4.210488856080805e-003	-1.474552e-001	2.799482e+000
4.220254481080805e-003	-1.363759e-001	2.849329e+000
4.230020106080805e-003	-1.247495e-001	2.898631e+000
4.239785731080805e-003	-1.127509e-001	2.946923e+000
4.249551356080805e-003	-1.005604e-001	2.993435e+000
4.259316981080805e-003	-8.836150e-002	3.036836e+000
4.269082606080805e-003	-7.633770e-002	3.074908e+000
4.278848231080805e-003	-6.466961e-002	3.104179e+000
4.288613856080805e-003	-5.353302e-002	3.119603e+000
4.298379481080805e-003	-4.309529e-002	3.114555e+000
4.308145106080805e-003	-3.351349e-002	3.081541e+000
4.317910731080805e-003	-2.493167e-002	3.013859e+000
4.327676356080805e-003	-1.747888e-002	2.907982e+000
4.337441981080805e-003	-1.126730e-002	2.765707e+000
4.347207606080805e-003	-6.390318e-003	2.594867e+000
4.356973231080805e-003	-2.921272e-003	2.407996e+000
4.366738856080805e-003	-8.616680e-004	2.218923e+000
4.375184093111012e-003	-2.539593e-004	2.063514e+000
4.382799762120866e-003	-7.715710e-004	1.937920e+000
4.392565387120866e-003	-2.793111e-003	1.801308e+000
4.402331012120866e-003	-6.194122e-003	1.692694e+000
4.412096637120866e-003	-1.100603e-002	1.613762e+000
4.421862262120866e-003	-1.715648e-002	1.562659e+000
4.431627887120866e-003	-2.455294e-002	1.536176e+000
4.441393512120866e-003	-3.308415e-002	1.530397e+000
4.451159137120866e-003	-4.262191e-002	1.541203e+000
4.460924762120866e-003	-5.302256e-002	1.564660e+000
4.470690387120866e-003	-6.412989e-002	1.597313e+000
4.480456012120866e-003	-7.577658e-002	1.636342e+000
4.490221637120867e-003	-8.778775e-002	1.679601e+000
4.499987262120866e-003	-9.998238e-002	1.725558e+000
4.509752887120866e-003	-1.121774e-001	1.773174e+000
4.519518512120866e-003	-1.241891e-001	1.821782e+000
4.529284137120867e-003	-1.358371e-001	1.870976e+000
4.539049762120866e-003	-1.469460e-001	1.920520e+000
4.548815387120866e-003	-1.573491e-001	1.970263e+000
4.558581012120866e-003	-1.668890e-001	2.020102e+000
4.568346637120867e-003	-1.754231e-001	2.069989e+000
4.578112262120866e-003	-1.828227e-001	2.119910e+000
4.587877887120866e-003	-1.889765e-001	2.169857e+000
4.597643512120866e-003	-1.937921e-001	2.219831e+000
4.607409137120867e-003	-1.971970e-001	2.269835e+000
4.617174762120866e-003	-1.991799e-001	2.319870e+000
4.625893822496312e-003	-1.997135e-001	2.364574e+000
4.633955415925289e-003	-1.990564e-001	2.405936e+000
4.643721040925289e-003	-1.968770e-001	2.456080e+000
4.653486665925290e-003	-1.933060e-001	2.506264e+000
4.663252290925290e-003	-1.883316e-001	2.556487e+000
4.673017915925289e-003	-1.820281e-001	2.606741e+000
4.682783540925289e-003	-1.744914e-001	2.657014e+000
4.692549165925290e-003	-1.658342e-001	2.707279e+000
4.702314790925290e-003	-1.561866e-001	2.757491e+000
4.712080415925289e-003	-1.456938e-001	2.807572e+000
4.721846040925289e-003	-1.345139e-001	2.857360e+000
4.731611665925290e-003	-1.228145e-001	2.906544e+000
4.741377290925290e-003	-1.107723e-001	2.954614e+000
4.751142915925290e-003	-9.856796e-002	3.000730e+000
4.760908540925289e-003	-8.638513e-002	3.043442e+000
4.770674165925290e-003	-7.440710e-002	3.080355e+000
4.780439790925290e-003	-6.281388e-002	3.107759e+000
4.790205415925290e-003	-5.178005e-002	3.120335e+000
4.799971040925289e-003	-4.147136e-002	3.111246e+000
4.809736665925289e-003	-3.204304e-002	3.072987e+000
4.819502290925290e-003	-2.363682e-002	2.999203e+000
4.829267915925290e-003	-1.637918e-002	2.887113e+000
4.839033540925289e-003	-1.037924e-002	2.739508e+000
4.848799165925289e-003	-5.727269e-003	2.565140e+000
4.858564790925290e-003	-2.493218e-003	2.377045e+000
4.868330415925290e-003	-7.257303e-004	2.189631e+000
4.878096040925289e-003	-4.390921e-004	2.015518e+000
4.887540850088480e-003	-1.598263e-003	1.868951e+000
4.897306475088480e-003	-4.264303e-003	1.745212e+000
4.907072100088479e-003	-8.358017e-003	1.651085e+000
4.916837725088480e-003	-1.383010e-002	1.585969e+000
4.926603350088480e-003	-2.059823e-002	1.547257e+000
4.936368975088480e-003	-2.856061e-002	1.531323e+000
4.946134600088479e-003	-3.759748e-002	1.534098e+000
4.955900225088480e-003	-4.757291e-002	1.551506e+000
4.965665850088480e-003	-5.833697e-002	1.579819e+000
4.975431475088480e-003	-6.972754e-002	1.615875e+000
4.985197100088479e-003	-8.157337e-002	1.657184e+000
4.994962725088480e-003	-9.369648e-002	1.701909e+000
5.004728350088480e-003	-1.059142e-001	1.748775e+000
5.014493975088480e-003	-1.180432e-001	1.796937e+000
5.024259600088479e-003	-1.299007e-001	1.845876e+000
5.034025225088480e-003	-1.413083e-001	1.895283e+000
5.043790850088480e-003	-1.520946e-001	1.944957e+000
5.053556475088480e-003	-1.620975e-001	1.994760e+000
5.063322100088480e-003	-1.711662e-001	2.044625e+000
5.073087725088480e-003	-1.791644e-001	2.094529e+000
5.082853350088480e-003	-1.859722e-001	2.144463e+000
5.092618975088480e-003	-1.914866e-001	2.194423e+000
5.102384600088480e-003	-1.956251e-001	2.244411e+000
5.112150225088480e-003	-1.983252e-001	2.294430e+000
5.121915850088480e-003	-1.995590e-001	2.344483e+000
5.131353193539572e-003	-1.993165e-001	2.392890e+000
5.141118818539572e-003	-1.975842e-001	2.443022e+000
5.150884443539573e-003	-1.943970e-001	2.493195e+000
5.160650068539573e-003	-1.897902e-001	2.543407e+000
5.170415693539572e-003	-1.838329e-001	2.593654e+000
5.180181318539572e-003	-1.766143e-001	2.643923e+000
5.189946943539573e-003	-1.682434e-001	2.694193e+000
5.199712568539573e-003	-1.588459e-001	2.744426e+000
5.209478193539572e-003	-1.485636e-001	2.794552e+000
5.219243818539572e-003	-1.375506e-001	2.844434e+000
5.229009443539572e-003	-1.259730e-001	2.893804e+000
5.238775068539573e-003	-1.140046e-001	2.942225e+000
5.248540693539572e-003	-1.018255e-001	2.988971e+000
5.258306318539572e-003	-8.961904e-002	3.032778e+000
5.268071943539572e-003	-7.756853e-002	3.071536e+000
5.277837568539573e-003	-6.585556e-002	3.101922e+000
5.287603193539573e-003	-5.465603e-002	3.119058e+000
5.297368818539572e-003	-4.413843e-002	3.116467e+000
5.307134443539572e-003	-3.446108e-002	3.086681e+000
5.316900068539573e-003	-2.576947e-002	3.022815e+000
5.326665693539573e-003	-1.819438e-002	2.920897e+000
5.336431318539572e-003	-1.184967e-002	2.782108e+000
5.346196943539572e-003	-6.830812e-003	2.613685e+000
5.355962568539573e-003	-3.213271e-003	2.427794e+000
5.365728193539573e-003	-9.764703e-004	2.238006e+000
5.373538466887438e-003	-2.761753e-004	2.092844e+000
5.381956723599494e-003	-7.046470e-004	1.951727e+000
5.391722348599495e-003	-2.567492e-003	1.812152e+000
5.401487973599494e-003	-5.843997e-003	1.700946e+000
5.411253598599494e-003	-1.053667e-002	1.619494e+000
5.421019223599494e-003	-1.657495e-002	1.566097e+000
5.430784848599495e-003	-2.386799e-002	1.537634e+000
5.440550473599494e-003	-3.230608e-002	1.530228e+000
5.450316098599494e-003	-4.176235e-002	1.539761e+000
5.460081723599494e-003	-5.209452e-002	1.562270e+000
5.469847348599495e-003	-6.314731e-002	1.594250e+000
5.479612973599495e-003	-7.475424e-002	1.632822e+000
5.489378598599494e-003	-8.674097e-002	1.675784e+000
5.499144223599494e-003	-9.892702e-002	1.721555e+000
5.508909848599494e-003	-1.111292e-001	1.769059e+000
5.518675473599495e-003	-1.231641e-001	1.817600e+000
5.528441098599494e-003	-1.348503e-001	1.866756e+000
5.538206723599494e-003	-1.460125e-001	1.916280e+000
5.547972348599494e-003	-1.564827e-001	1.966013e+000
5.557737973599495e-003	-1.661031e-001	2.015846e+000
5.567503598599494e-003	-1.747293e-001	2.065730e+000
5.577269223599494e-003	-1.822314e-001	2.115648e+000
5.587034848599494e-003	-1.884971e-001	2.165593e+000
5.596800473599495e-003	-1.934314e-001	2.215565e+000
5.606566098599494e-003	-1.969602e-001	2.265566e+000
5.616331723599494e-003	-1.990912e-001	2.315598e+000
5.624521186207875e-003	-1.997433e-001	2.357582e+000
5.632322031970935e-003	-1.992753e-001	2.397602e+000
5.642087656970935e-003	-1.973333e-001	2.447740e+000
5.651853281970935e-003	-1.940026e-001	2.497917e+000
5.661618906970934e-003	-1.892583e-001	2.548133e+000
5.671384531970935e-003	-1.831713e-001	2.598383e+000
5.681150156970935e-003	-1.758332e-001	2.648654e+000
5.690915781970935e-003	-1.673548e-001	2.698922e+000
5.700681406970934e-003	-1.578631e-001	2.749148e+000
5.710447031970935e-003	-1.475012e-001	2.799258e+000
5.720212656970935e-003	-1.364245e-001	2.849107e+000
5.729978281970935e-003	-1.248001e-001	2.898412e+000
5.739743906970934e-003	-1.128027e-001	2.946709e+000
5.749509531970934e-003	-1.006128e-001	2.993231e+000
5.759275156970935e-003	-8.841348e-002	3.036650e+000
5.769040781970935e-003	-7.638848e-002	3.074750e+000
5.778806406970934e-003	-6.471866e-002	3.104069e+000
5.788572031970934e-003	-5.357933e-002	3.119565e+000
5.798337656970935e-003	-4.313833e-002	3.114622e+000
5.808103281970935e-003	-3.355253e-002	3.081743e+000
5.817868906970935e-003	-2.496609e-002	3.014221e+000
5.827634531970934e-003	-1.750824e-002	2.908509e+000
5.837400156970935e-003	-1.129112e-002	2.766378e+000
5.847165781970935e-003	-6.408237e-003	2.595636e+000
5.856931406970935e-003	-2.933048e-003	2.408805e+000
5.866697031970934e-003	-8.336278e-004	2.219350e+000
5.874269913567647e-003	-2.419509e-004	2.079397e+000
5.882228633966812e-003	-7.173000e-004	1.947012e+000
5.891994258966812e-003	-2.639066e-003	1.808525e+000
5.901759883966812e-003	-5.955771e-003	1.698165e+000
5.911525508966812e-003	-1.068698e-002	1.617536e+000
5.921291133966812e-003	-1.676148e-002	1.564888e+000
5.931056758966812e-003	-2.408797e-002	1.537071e+000
5.940822383966812e-003	-3.255621e-002	1.530197e+000
5.950588008966812e-003	-4.203886e-002	1.540145e+000
5.960353633966812e-003	-5.239332e-002	1.562964e+000
5.970119258966812e-003	-6.346375e-002	1.595164e+000
5.979884883966812e-003	-7.508373e-002	1.633886e+000
5.989650508966812e-003	-8.707845e-002	1.676946e+000
5.999416133966812e-003	-9.926736e-002	1.722777e+000
6.009181758966812e-003	-1.114675e-001	1.770318e+000
6.018947383966812e-003	-1.234950e-001	1.818882e+000
6.028713008966812e-003	-1.351693e-001	1.868050e+000
6.038478633966812e-003	-1.463141e-001	1.917581e+000
6.048244258966812e-003	-1.567626e-001	1.967317e+000
6.058009883966812e-003	-1.663573e-001	2.017152e+000
6.067775508966812e-003	-1.749539e-001	2.067037e+000
6.077541133966812e-003	-1.824231e-001	2.116956e+000
6.087306758966812e-003	-1.886525e-001	2.166902e+000
6.097072383966812e-003	-1.935487e-001	2.216874e+000
6.106838008966812e-003	-1.970377e-001	2.266876e+000
6.116603633966812e-003	-1.991532e-001	2.316909e+000
6.124126302255402e-003	-1.997523e-001	2.355474e+000
6.132175251709751e-003	-1.992824e-001	2.396767e+000
6.141940876709751e-003	-1.973722e-001	2.446903e+000
6.151706501709752e-003	-1.940634e-001	2.497080e+000
6.161472126709752e-003	-1.893396e-001	2.547296e+000
6.171237751709751e-003	-1.832724e-001	2.597545e+000
6.181003376709751e-003	-1.759524e-001	2.647816e+000
6.190769001709752e-003	-1.674900e-001	2.698085e+000
6.200534626709752e-003	-1.580124e-001	2.748312e+000
6.210300251709751e-003	-1.476624e-001	2.798425e+000
6.220065876709751e-003	-1.365955e-001	2.848279e+000
6.229831501709752e-003	-1.249781e-001	2.897593e+000
6.239597126709752e-003	-1.129850e-001	2.945910e+000
6.249362751709751e-003	-1.007966e-001	2.992468e+000
6.259128376709751e-003	-8.859611e-002	3.035947e+000
6.268894001709752e-003	-7.656693e-002	3.074150e+000
6.278659626709752e-003	-6.489050e-002	3.103635e+000
6.288425251709751e-003	-5.374205e-002	3.119385e+000
6.298190876709751e-003	-4.328930e-002	3.114805e+000
6.307956501709752e-003	-3.368956e-002	3.082404e+000
6.317722126709752e-003	-2.508709e-002	3.015444e+000
6.327487751709751e-003	-1.761138e-002	2.910313e+000
6.337253376709751e-003	-1.137489e-002	2.768692e+000
6.347019001709752e-003	-6.471366e-003	2.598302e+000
6.356784626709752e-003	-2.974577e-003	2.411613e+000
6.366550251709752e-003	-8.818749e-004	2.222401e+000
6.374877003752614e-003	-2.489937e-004	2.068784e+000
6.382454284543286e-003	-7.286845e-004	1.943240e+000
6.392219909543286e-003	-2.699330e-003	1.805650e+000
6.401985534543285e-003	-6.049365e-003	1.695981e+000
6.411751159543285e-003	-1.081249e-002	1.616024e+000
6.421516784543286e-003	-1.691705e-002	1.563989e+000
6.431282409543286e-003	-2.427122e-002	1.536701e+000
6.441048034543285e-003	-3.276441e-002	1.530261e+000
6.450813659543285e-003	-4.226887e-002	1.540550e+000
6.460579284543286e-003	-5.264169e-002	1.563623e+000
6.470344909543286e-003	-6.372678e-002	1.596003e+000
6.480110534543285e-003	-7.535732e-002	1.634848e+000
6.489876159543285e-003	-8.735859e-002	1.677987e+000
6.499641784543286e-003	-9.955001e-002	1.723868e+000
6.509407409543286e-003	-1.117481e-001	1.771439e+000
6.519173034543285e-003	-1.237694e-001	1.820020e+000
6.528938659543285e-003	-1.354332e-001	1.869199e+000
6.538704284543285e-003	-1.465640e-001	1.918735e+000
6.548469909543286e-003	-1.569946e-001	1.968474e+000
6.558235534543285e-003	-1.665678e-001	2.018310e+000
6.568001159543285e-003	-1.751397e-001	2.068196e+000
6.577766784543285e-003	-1.825817e-001	2.118115e+000
6.587532409543286e-003	-1.887813e-001	2.168062e+000
6.597298034543286e-003	-1.936455e-001	2.218035e+000
6.607063659543285e-003	-1.971011e-001	2.268038e+000
6.616829284543285e-003	-1.991451e-001	2.318072e+000
6.625331328675694e-003	-1.997378e-001	2.361661e+000
6.633039508020906e-003	-1.991923e-001	2.401208e+000
6.642805133020907e-003	-1.971378e-001	2.451349e+000
6.652570758020907e-003	-1.937015e-001	2.501529e+000
6.662336383020906e-003	-1.888556e-001	2.551748e+000
6.672102008020906e-003	-1.826735e-001	2.602000e+000
6.681867633020907e-003	-1.752477e-001	2.652272e+000
6.691633258020907e-003	-1.666901e-001	2.702538e+000
6.701398883020906e-003	-1.571298e-001	2.752759e+000
6.711164508020906e-003	-1.467097e-001	2.802856e+000
6.720930133020907e-003	-1.355870e-001	2.852680e+000
6.730695758020907e-003	-1.239291e-001	2.901932e+000
6.740461383020906e-003	-1.119115e-001	2.950133e+000
6.750227008020906e-003	-9.971464e-002	2.996482e+000
6.759992633020907e-003	-8.752191e-002	3.039598e+000
6.769758258020907e-003	-7.551694e-002	3.077189e+000
6.779523883020906e-003	-6.388009e-002	3.105685e+000
6.789289508020906e-003	-5.278653e-002	3.119923e+000
6.799055133020906e-003	-4.240310e-002	3.113186e+000
6.808820758020907e-003	-3.288597e-002	3.077970e+000
6.818586383020906e-003	-2.437827e-002	3.007711e+000
6.828352008020906e-003	-1.700801e-002	2.899193e+000
6.838117633020906e-003	-1.088595e-002	2.754655e+000
6.847883258020907e-003	-6.104246e-003	2.582344e+000
6.857648883020906e-003	-2.734799e-003	2.394968e+000
6.867414508020906e-003	-8.282922e-004	2.206897e+000
6.877180133020906e-003	-3.789845e-004	2.030635e+000
6.886049779648588e-003	-1.300553e-003	1.890006e+000
6.895815404648588e-003	-3.764726e-003	1.762162e+000
6.905581029648588e-003	-7.642031e-003	1.663483e+000
6.915346654648588e-003	-1.290847e-002	1.594076e+000
6.925112279648588e-003	-1.948482e-002	1.551551e+000
6.934877904648588e-003	-2.727219e-002	1.532400e+000
6.944643529648588e-003	-3.615344e-002	1.532588e+000
6.954409154648588e-003	-4.599500e-002	1.548016e+000
6.964174779648588e-003	-5.664873e-002	1.574885e+000
6.973940404648588e-003	-6.795442e-002	1.609936e+000
6.983706029648588e-003	-7.974231e-002	1.650578e+000
6.993471654648588e-003	-9.183478e-002	1.694877e+000
7.003237279648588e-003	-1.040499e-001	1.741480e+000
7.013002904648588e-003	-1.162043e-001	1.789485e+000
7.022768529648588e-003	-1.281149e-001	1.838333e+000
7.032534154648588e-003	-1.396027e-001	1.887691e+000
7.042299779648588e-003	-1.504946e-001	1.937341e+000
7.052065404648588e-003	-1.606269e-001	1.987131e+000
7.061831029648588e-003	-1.698475e-001	2.036988e+000
7.071596654648588e-003	-1.780174e-001	2.086887e+000
7.081362279648588e-003	-1.850138e-001	2.136817e+000
7.091127904648588e-003	-1.907318e-001	2.186773e+000
7.100893529648588e-003	-1.950848e-001	2.236756e+000
7.110659154648587e-003	-1.980078e-001	2.286770e+000
7.120424779648588e-003	-1.994565e-001	2.336818e+000
7.130190404648588e-003	-1.994090e-001	2.386904e+000
7.139956029648588e-003	-1.978667e-001	2.437030e+000
7.149721654648588e-003	-1.948521e-001	2.487198e+000
7.159487279648588e-003	-1.904113e-001	2.537406e+000
7.169252904648588e-003	-1.846104e-001	2.587650e+000
7.179018529648588e-003	-1.775365e-001	2.637917e+000
7.188784154648588e-003	-1.692965e-001	2.688189e+000
7.198549779648588e-003	-1.600144e-001	2.738428e+000
7.208315404648588e-003	-1.498294e-001	2.788572e+000
7.218081029648588e-003	-1.388950e-001	2.838491e+000
7.227846654648588e-003	-1.273754e-001	2.887935e+000
7.237612279648588e-003	-1.154442e-001	2.936497e+000
7.247377904648588e-003	-1.032807e-001	2.983495e+000
7.257143529648588e-003	-9.106767e-002	3.027743e+000
7.266909154648588e-003	-7.898915e-002	3.067250e+000
7.276674779648588e-003	-6.722653e-002	3.098856e+000
7.286440404648588e-003	-5.595696e-002	3.117881e+000
7.296206029648588e-003	-4.534966e-002	3.118021e+000
7.305971654648588e-003	-3.556436e-002	3.091867e+000
7.315737279648588e-003	-2.674824e-002	3.032349e+000
7.325502904648588e-003	-1.903385e-002	2.935018e+000
7.335268529648588e-003	-1.253730e-002	2.800359e+000
7.345034154648588e-003	-7.356197e-003	2.634904e+000
7.354799779648587e-003	-3.568526e-003	2.450355e+000
7.364565404648588e-003	-1.160564e-003	2.260294e+000
7.372485726166171e-003	-3.334391e-004	2.112099e+000
7.381565228183644e-003	-6.884681e-004	1.958367e+000
7.391330853183644e-003	-2.466436e-003	1.817265e+000
7.401096478183644e-003	-5.684994e-003	1.704856e+000
7.410862103183644e-003	-1.032211e-002	1.622229e+000
7.420627728183644e-003	-1.630805e-002	1.567758e+000
7.430393353183644e-003	-2.355281e-002	1.538366e+000
7.440158978183644e-003	-3.194731e-002	1.530194e+000
7.449924603183644e-003	-4.136544e-002	1.539125e+000
7.459690228183644e-003	-5.166543e-002	1.561185e+000
7.469455853183644e-003	-6.269234e-002	1.592845e+000
7.479221478183644e-003	-7.428050e-002	1.631199e+000
7.488987103183644e-003	-8.625531e-002	1.674020e+000
7.498752728183644e-003	-9.843695e-002	1.719701e+000
7.508518353183643e-003	-1.106421e-001	1.767151e+000
7.518283978183644e-003	-1.226871e-001	1.815661e+000
7.528049603183644e-003	-1.343908e-001	1.864799e+000
7.537815228183644e-003	-1.455772e-001	1.914313e+000
7.547580853183643e-003	-1.560781e-001	1.964041e+000
7.557346478183644e-003	-1.657355e-001	2.013871e+000
7.567112103183644e-003	-1.744041e-001	2.063754e+000
7.576877728183644e-003	-1.819539e-001	2.113670e+000
7.586643353183644e-003	-1.882708e-001	2.163614e+000
7.596408978183644e-003	-1.932600e-001	2.213585e+000
7.606174603183644e-003	-1.968462e-001	2.263585e+000
7.615940228183644e-003	-1.990459e-001	2.313615e+000
7.623883723003357e-003	-1.997304e-001	2.354337e+000
7.632085077524059e-003	-1.992867e-001	2.396411e+000
7.641850702524059e-003	-1.973960e-001	2.446547e+000
7.651616327524059e-003	-1.941004e-001	2.496723e+000
7.661381952524059e-003	-1.893895e-001	2.546938e+000
7.671147577524059e-003	-1.833341e-001	2.597187e+000
7.680913202524058e-003	-1.760254e-001	2.647458e+000
7.690678827524059e-003	-1.675732e-001	2.697726e+000
7.700444452524059e-003	-1.581044e-001	2.747954e+000
7.710210077524059e-003	-1.477616e-001	2.798068e+000
7.719975702524059e-003	-1.367004e-001	2.847925e+000
7.729741327524059e-003	-1.250873e-001	2.897247e+000
7.739506952524059e-003	-1.130968e-001	2.945575e+000
7.749272577524059e-003	-1.009095e-001	2.992153e+000
7.759038202524059e-003	-8.870828e-002	3.035669e+000
7.768803827524059e-003	-7.667685e-002	3.073934e+000
7.778569452524059e-003	-6.499612e-002	3.103518e+000
7.788335077524059e-003	-5.384207e-002	3.119422e+000
7.798100702524059e-003	-4.338217e-002	3.115061e+000
7.807866327524059e-003	-3.377378e-002	3.082947e+000
7.817631952524058e-003	-2.516156e-002	3.016325e+000
7.827397577524060e-003	-1.767495e-002	2.911541e+000
7.837163202524059e-003	-1.142652e-002	2.770223e+000
7.846928827524059e-003	-6.510310e-003	2.600040e+000
7.856694452524059e-003	-3.000256e-003	2.413428e+000
7.866460077524059e-003	-8.917339e-004	2.224142e+000
7.874730178682291e-003	-2.507628e-004	2.071437e+000
7.882399712091346e-003	-7.258579e-004	1.944196e+000
7.892165337091346e-003	-2.684683e-003	1.806383e+000
7.901930962091346e-003	-6.026663e-003	1.696543e+000
7.911696587091345e-003	-1.078208e-002	1.616420e+000
7.921462212091345e-003	-1.687935e-002	1.564234e+000
7.931227837091345e-003	-2.422687e-002	1.536817e+000
7.940993462091345e-003	-3.271401e-002	1.530272e+000
7.950759087091345e-003	-4.221320e-002	1.540477e+000
7.960524712091346e-003	-5.258155e-002	1.563489e+000
7.970290337091346e-003	-6.366313e-002	1.595825e+000
7.980055962091346e-003	-7.529128e-002	1.634640e+000
7.989821587091345e-003	-8.729088e-002	1.677760e+000
7.999587212091345e-003	-9.948158e-002	1.723629e+000
8.009352837091345e-003	-1.116803e-001	1.771192e+000
8.019118462091345e-003	-1.237031e-001	1.819770e+000
8.028884087091345e-003	-1.353695e-001	1.868946e+000
8.038649712091344e-003	-1.465039e-001	1.918480e+000
8.048415337091346e-003	-1.569388e-001	1.968218e+000
8.058180962091346e-003	-1.665170e-001	2.018055e+000
8.067946587091346e-003	-1.750948e-001	2.067940e+000
8.077712212091345e-003	-1.825433e-001	2.117860e+000
8.087477837091345e-003	-1.887503e-001	2.167806e+000
8.097243462091345e-003	-1.936221e-001	2.217779e+000
8.107009087091345e-003	-1.970859e-001	2.267781e+000
8.116774712091344e-003	-1.991394e-001	2.317815e+000
8.125242473994529e-003	-1.997411e-001	2.361228e+000
8.132894824662762e-003	-1.992123e-001	2.400488e+000
8.142660449662761e-003	-1.971779e-001	2.450629e+000
8.152426074662761e-003	-1.937630e-001	2.500808e+000
8.162191699662761e-003	-1.889374e-001	2.551027e+000
8.171957324662761e-003	-1.827743e-001	2.601278e+000
8.181722949662761e-003	-1.753664e-001	2.651549e+000
8.191488574662762e-003	-1.668248e-001	2.701817e+000
8.201254199662762e-003	-1.572781e-001	2.752038e+000
8.211019824662762e-003	-1.468697e-001	2.802139e+000
8.220785449662761e-003	-1.357563e-001	2.851967e+000
8.230551074662761e-003	-1.241051e-001	2.901230e+000
8.240316699662761e-003	-1.120912e-001	2.949451e+000
8.250082324662761e-003	-9.989572e-002	2.995835e+000
8.259847949662761e-003	-8.770156e-002	3.039013e+000
8.269613574662760e-003	-7.569242e-002	3.076709e+000
8.279379199662762e-003	-6.404889e-002	3.105373e+000
8.289144824662762e-003	-5.294609e-002	3.119867e+000
8.298910449662762e-003	-4.255098e-002	3.113495e+000
8.308676074662761e-003	-3.301996e-002	3.078753e+000
8.318441699662761e-003	-2.449632e-002	3.009047e+000
8.328207324662761e-003	-1.710832e-002	2.901093e+000
8.337972949662761e-003	-1.096706e-002	2.757016e+000
8.347738574662761e-003	-6.164931e-003	2.584955e+000
8.357504199662762e-003	-2.774142e-003	2.397628e+000
8.367269824662762e-003	-8.077798e-004	2.209001e+000
8.376048595955272e-003	-2.911570e-004	2.048909e+000
8.384207429158784e-003	-9.804554e-004	1.916675e+000
8.393973054158786e-003	-3.194124e-003	1.783848e+000
8.403738679158786e-003	-6.802179e-003	1.679548e+000
8.413504304158785e-003	-1.181199e-002	1.604779e+000
8.423269929158785e-003	-1.814821e-002	1.557443e+000
8.433035554158785e-003	-2.571556e-002	1.534194e+000
8.442801179158785e-003	-3.440017e-002	1.531058e+000
8.452566804158785e-003	-4.407150e-002	1.543920e+000
8.462332429158784e-003	-5.458391e-002	1.568902e+000
8.472098054158786e-003	-6.577945e-002	1.602632e+000
8.481863679158786e-003	-7.748961e-002	1.642387e+000
8.491629304158786e-003	-8.953846e-002	1.686117e+000
8.501394929158785e-003	-1.017447e-001	1.732366e+000
8.511160554158785e-003	-1.139245e-001	1.780160e+000
8.520926179158785e-003	-1.258950e-001	1.828872e+000
8.530691804158785e-003	-1.374757e-001	1.878125e+000
8.540457429158785e-003	-1.484931e-001	1.927701e+000
8.550223054158784e-003	-1.587808e-001	1.977459e+000
8.559988679158786e-003	-1.681843e-001	2.027307e+000
8.569754304158786e-003	-1.765625e-001	2.077199e+000
8.579519929158785e-003	-1.837890e-001	2.127124e+000
8.589285554158785e-003	-1.897552e-001	2.177075e+000
8.599051179158785e-003	-1.943712e-001	2.227053e+000
8.608816804158785e-003	-1.975679e-001	2.277061e+000
8.618582429158785e-003	-1.992972e-001	2.327103e+000
8.628348054158784e-003	-1.995389e-001	2.377182e+000
8.637951078063519e-003	-1.983109e-001	2.426465e+000
8.647716703063519e-003	-1.955893e-001	2.476625e+000
8.657482328063518e-003	-1.914365e-001	2.526825e+000
8.667247953063520e-003	-1.859081e-001	2.577062e+000
8.677013578063520e-003	-1.790876e-001	2.627326e+000
8.686779203063520e-003	-1.710775e-001	2.677599e+000
8.696544828063519e-003	-1.619985e-001	2.727849e+000
8.706310453063519e-003	-1.519868e-001	2.778020e+000
8.716076078063519e-003	-1.411929e-001	2.827996e+000
8.725841703063519e-003	-1.297799e-001	2.877557e+000
8.735607328063519e-003	-1.179187e-001	2.926338e+000
8.745372953063520e-003	-1.057880e-001	2.973733e+000
8.755138578063520e-003	-9.357023e-002	3.018678e+000
8.764904203063520e-003	-8.144915e-002	3.059373e+000
8.774669828063519e-003	-6.960702e-002	3.092932e+000
8.784435453063519e-003	-5.822200e-002	3.115006e+000
8.794201078063519e-003	-4.746538e-002	3.119613e+000
8.803966703063519e-003	-3.749889e-002	3.099484e+000
8.813732328063519e-003	-2.847251e-002	3.047313e+000
8.823497953063520e-003	-2.052188e-002	2.957911e+000
8.833263578063520e-003	-1.376668e-002	2.830601e+000
8.843029203063520e-003	-8.308493e-003	2.670675e+000
8.852794828063519e-003	-4.229389e-003	2.488942e+000
8.862560453063519e-003	-1.590755e-003	2.299399e+000
8.872326078063519e-003	-4.097102e-004	2.115776e+000
8.881505836632780e-003	-6.862218e-004	1.959487e+000
8.891271461632782e-003	-2.451312e-003	1.818141e+000
8.901037086632781e-003	-5.661078e-003	1.705540e+000
8.910802711632781e-003	-1.028977e-002	1.622727e+000
8.920568336632781e-003	-1.626776e-002	1.568087e+000
8.930333961632781e-003	-2.350515e-002	1.538549e+000
8.940099586632781e-003	-3.189304e-002	1.530258e+000
8.949865211632780e-003	-4.130530e-002	1.539095e+000
8.959630836632780e-003	-5.160040e-002	1.561085e+000
8.969396461632782e-003	-6.262350e-002	1.592695e+000
8.979162086632781e-003	-7.420862e-002	1.631016e+000
8.988927711632781e-003	-8.618176e-002	1.673814e+000
8.998693336632781e-003	-9.836268e-002	1.719482e+000
9.008458961632781e-003	-1.105682e-001	1.766923e+000
9.018224586632781e-003	-1.226147e-001	1.815428e+000
9.027990211632780e-003	-1.343212e-001	1.864563e+000
9.037755836632780e-003	-1.455114e-001	1.914075e+000
9.047521461632782e-003	-1.560168e-001	1.963802e+000
9.057287086632782e-003	-1.656797e-001	2.013633e+000
9.067052711632781e-003	-1.743548e-001	2.063515e+000
9.076818336632781e-003	-1.819117e-001	2.113431e+000
9.086583961632781e-003	-1.882362e-001	2.163375e+000
9.096349586632781e-003	-1.932337e-001	2.213346e+000
9.106115211632780e-003	-1.968288e-001	2.263345e+000
9.115880836632780e-003	-1.990387e-001	2.313375e+000
9.123787015988446e-003	-1.997280e-001	2.353905e+000
9.132049126807698e-003	-1.992884e-001	2.396291e+000
9.141814751807698e-003	-1.974053e-001	2.446426e+000
9.151580376807699e-003	-1.941152e-001	2.496602e+000
9.161346001807699e-003	-1.894095e-001	2.546817e+000
9.171111626807699e-003	-1.833587e-001	2.597066e+000
9.180877251807698e-003	-1.760542e-001	2.647337e+000
9.190642876807698e-003	-1.676061e-001	2.697606e+000
9.200408501807698e-003	-1.581409e-001	2.747833e+000
9.210174126807698e-003	-1.478012e-001	2.797948e+000
9.219939751807698e-003	-1.367424e-001	2.847806e+000
9.229705376807699e-003	-1.251308e-001	2.897130e+000
9.239471001807699e-003	-1.131414e-001	2.945463e+000
9.249236626807699e-003	-1.009544e-001	2.992050e+000
9.259002251807699e-003	-8.875287e-002	3.035579e+000
9.268767876807698e-003	-7.672048e-002	3.073869e+000
9.278533501807698e-003	-6.503826e-002	3.103493e+000
9.288299126807698e-003	-5.388194e-002	3.119457e+000
9.298064751807698e-003	-4.341918e-002	3.115183e+000
9.307830376807698e-003	-3.380746e-002	3.083182e+000
9.317596001807699e-003	-2.519128e-002	3.016693e+000
9.327361626807699e-003	-1.770028e-002	2.912047e+000
9.337127251807699e-003	-1.144713e-002	2.770849e+000
9.346892876807698e-003	-6.525867e-003	2.600746e+000
9.356658501807698e-003	-3.010530e-003	2.414164e+000
9.366424126807698e-003	-8.956995e-004	2.224847e+000
9.374671642066238e-003	-2.515521e-004	2.072506e+000
9.382377954855279e-003	-7.247441e-004	1.944585e+000
9.392143579855279e-003	-2.678856e-003	1.806683e+000
9.401909204855279e-003	-6.017625e-003	1.696774e+000
9.411674829855278e-003	-1.076993e-002	1.616585e+000
9.421440454855278e-003	-1.686433e-002	1.564338e+000
9.431206079855278e-003	-2.420920e-002	1.536869e+000
9.440971704855278e-003	-3.269398e-002	1.530281e+000
9.450737329855278e-003	-4.219109e-002	1.540454e+000
9.460502954855277e-003	-5.255759e-002	1.563441e+000
9.470268579855279e-003	-6.363773e-002	1.595759e+000
9.480034204855279e-003	-7.526469e-002	1.634562e+000
9.489799829855278e-003	-8.726382e-002	1.677674e+000
9.499565454855278e-003	-9.945440e-002	1.723538e+000
9.509331079855278e-003	-1.116531e-001	1.771099e+000
9.519096704855278e-003	-1.236767e-001	1.819675e+000
9.528862329855278e-003	-1.353438e-001	1.868850e+000
9.538627954855277e-003	-1.464796e-001	1.918384e+000
9.548393579855279e-003	-1.569164e-001	1.968122e+000
9.558159204855279e-003	-1.664968e-001	2.017958e+000
9.567924829855279e-003	-1.750770e-001	2.067843e+000
9.577690454855278e-003	-1.825283e-001	2.117763e+000
9.587456079855278e-003	-1.887376e-001	2.167709e+000
9.597221704855278e-003	-1.936128e-001	2.217682e+000
9.606987329855278e-003	-1.970797e-001	2.267684e+000
9.616752954855277e-003	-1.991367e-001	2.317718e+000
9.625207048808754e-003	-1.997421e-001	2.361061e+000
9.632837141265277e-003	-1.992204e-001	2.400206e+000
9.642602766265277e-003	-1.971936e-001	2.450346e+000
9.652368391265277e-003	-1.937871e-001	2.500525e+000
9.662134016265277e-003	-1.889699e-001	2.550744e+000
9.671899641265278e-003	-1.828146e-001	2.600995e+000
9.681665266265278e-003	-1.754136e-001	2.651267e+000
9.691430891265278e-003	-1.668782e-001	2.701534e+000
9.701196516265278e-003	-1.573370e-001	2.751756e+000
9.710962141265277e-003	-1.469333e-001	2.801857e+000
9.720727766265277e-003	-1.358235e-001	2.851688e+000
9.730493391265277e-003	-1.241751e-001	2.900955e+000
9.740259016265277e-003	-1.121629e-001	2.949183e+000
9.750024641265278e-003	-9.996784e-002	2.995582e+000
9.759790266265278e-003	-8.777308e-002	3.038784e+000
9.769555891265278e-003	-7.576251e-002	3.076521e+000
9.779321516265278e-003	-6.411624e-002	3.105252e+000
9.789087141265277e-003	-5.300975e-002	3.119848e+000
9.798852766265277e-003	-4.260999e-002	3.113621e+000
9.808618391265277e-003	-3.307343e-002	3.079067e+000
9.818384016265277e-003	-2.454346e-002	3.009582e+000
9.828149641265277e-003	-1.714841e-002	2.901853e+000
9.837915266265278e-003	-1.099950e-002	2.757969e+000
9.847680891265278e-003	-6.189212e-003	2.586038e+000
9.857446516265278e-003	-2.789918e-003	2.398759e+000
9.867212141265278e-003	-8.134209e-004	2.210080e+000
9.875954680532883e-003	-2.864776e-004	2.050488e+000
9.884054509613981e-003	-9.562643e-004	1.918958e+000
9.893820134613981e-003	-3.149092e-003	1.785717e+000
9.903585759613981e-003	-6.734706e-003	1.680948e+000
9.913351384613980e-003	-1.172310e-002	1.605728e+000
9.923117009613980e-003	-1.803926e-002	1.557987e+000
9.932882634613980e-003	-2.558812e-002	1.534390e+000
9.942648259613980e-003	-3.425616e-002	1.530972e+000
9.952413884613980e-003	-4.391313e-002	1.543614e+000
9.962179509613979e-003	-5.441356e-002	1.568434e+000
9.971945134613981e-003	-6.559974e-002	1.602050e+000
9.981710759613981e-003	-7.730317e-002	1.641728e+000
9.991476384613980e-003	-8.934474e-002	1.685345e+000
1.000000000000000e-002	-9.999847e-002	1.725270e+000
